6000.
3000.
3000.
3000.
3000.
6000.
3000.
3000.
3000.
3000.
6000.
3000.
3000.
3000.
3000.
6000.
3000.
3000.
3000.
3000.
6000.
3000.
3000.
3000.
3000.
6000.
3000.
3000.
3000.
3000.
6000.
3000.
3000.
3000.
3000.
6000.
3000.
3000.
3000.
3000.
6000.
3000.
3000.
3000.
3000.
6000.
3000.
3000.
3000.
3000.
6000.
3000.
3000.
3000.
3000.
6000.
3000.
3000.
3000.
3000.
6000.
3000.
3000.
3000.
3000.
6000.
3000.
3000.
3000.
3000.
6000.
3000.
3000.
3000.
3000.
6000.
3000.
3000.
3000.
3000.
6000.
