1
7
13
18
22
26
31
35
41
45
49
55
59
65
69
73
79
83
87
92
97
103
109
113
119
125
130
134
138
142
148
153
159
163
169
173
179
184
190
194
200
205
209
215
220
225
230
235
239
243
247
252
258
263
268
273
279
285
289
293
298
303
307
312
317
323
328
333
338
344
349
354
360
366
372
378
383
389
394
399
403
409
415
421
425
429
433
438
442
446
450
455
459
464
469
473